# Frame list with one line of data per frame:
#   FRAME_ID, RIG_ID, RIG_FROM_WORLD[QW, QX, QY, QZ, TX, TY, TZ], NUM_DATA_IDS, DATA_IDS[] as (SENSOR_TYPE, SENSOR_ID, DATA_ID)
# Number of frames: 308
176 1 0.98841752231247326 -0.0076226407779549652 -0.12371015756585207 0.087569936897737233 1.3294940568408777 1.351072652432749 6.2544439998887515 1 CAMERA 1 176
180 1 0.98461087177819073 0.0092598890892991864 -0.13421419158320078 0.11154477310888712 1.1458827875286204 1.1924708762237466 6.2176258391660033 1 CAMERA 1 180
181 1 0.9729522105348305 0.010364370758685815 -0.17342094440038497 0.15225554793649382 0.5297222426690894 1.2686077849510589 6.2376763406786502 1 CAMERA 1 181
182 1 0.97089128155644344 0.00015138804648554964 -0.19652479900946485 0.13692370084698913 0.27017731836715536 1.3009457874140715 6.2120706620786068 1 CAMERA 1 182
183 1 0.96544326633500688 -0.022993289692858063 -0.20747383451112458 0.15602953602040864 0.043517515452731567 1.604703373753553 6.1168310979711169 1 CAMERA 1 183
184 1 0.97335538351132855 -0.012257574084454499 -0.17865852260378062 0.14321376179722803 0.46167499891805192 1.4943590936992646 6.0590013162716456 1 CAMERA 1 184
185 1 0.97349914670563076 -0.00045002244739840875 -0.1839427489751071 0.13588331002255791 0.43290480602269044 1.3336299102326852 6.0463109370619508 1 CAMERA 1 185
186 1 0.9728293415538084 -0.022019812247793771 -0.1846974550654932 0.13785880520621746 0.39173818660703996 1.5918248853700814 5.9477186720965713 1 CAMERA 1 186
187 1 0.97182398225086308 -0.026716629876973361 -0.19682238309261868 0.12690673238183001 0.27010542261216547 1.5895024064120968 5.9038195899088652 1 CAMERA 1 187
188 1 0.97413564829438992 -0.030928894856783504 -0.18638582625505257 0.12394944919695294 0.40157335133532174 1.6430202084497352 5.8320629913789244 1 CAMERA 1 188
189 1 0.97217565089550184 -0.062791956426103399 -0.16748661126524772 0.15126106260691663 0.49988958444470655 2.1153299991461862 5.6374211720513783 1 CAMERA 1 189
190 1 0.9476746220288339 -0.091534617921788505 -0.25514305871989257 0.16863049567464555 -0.64266728726826561 2.3311889222708801 5.4980326720931325 1 CAMERA 1 190
191 1 0.89815782953041889 -0.1219433560839947 -0.36414509363659486 0.21410437160547388 -2.1458760641068579 2.4616485064208886 5.0134558260532431 1 CAMERA 1 191
192 1 0.92828684473863521 -0.21447552126306668 -0.21173304712154351 0.21783686882791733 -0.51822484718672623 3.7318620337228348 4.6121149279946865 1 CAMERA 1 192
193 1 0.98898130985779309 -0.13745763129983971 0.015974792646368568 0.052594432683572501 2.7970668119453448 2.571991113051181 4.5472050774142758 1 CAMERA 1 193
194 1 0.99150733393421386 0.093038719788660074 0.089774338852857419 -0.014056011464395841 3.7157007400175037 -0.099095587915487074 4.5851077392471922 1 CAMERA 1 194
195 1 0.97506982622951566 0.19595966035747692 0.10254279689545097 0.01798944952417381 3.8088933409788388 -0.88687071279546215 4.3696888182424045 1 CAMERA 1 195
196 1 0.99749781984511043 0.043231569848734483 -0.053321994191054316 0.016908450791095906 2.1940773045791868 0.53358194844732665 5.3686638199169288 1 CAMERA 1 196
197 1 0.94691976531304423 0.10539491620883899 -0.28327399443955342 0.10950211765569265 -0.58502230592786897 -0.070518951907575081 5.7731502388732023 1 CAMERA 1 197
198 1 0.94972518533557404 0.13018912250453643 -0.26722783125113786 0.098296240648468911 -0.34773791159799744 -0.3469491503738944 5.7292904889492249 1 CAMERA 1 198
199 1 0.95993080378553153 0.090987760195630332 -0.2431165306534151 0.10558613527018158 -0.10444754900066174 0.15658893922419559 5.6952497503052548 1 CAMERA 1 199
200 1 0.96919315841534637 0.05037661959454158 -0.21139297484119846 0.11593027243520505 0.20901960001240436 0.67640221867898365 5.6099052031382728 1 CAMERA 1 200
201 1 0.97160122765659473 0.062352461317874759 -0.19962301528792128 0.11069723009705101 0.36652030305349825 0.54561113097718505 5.5685516114495819 1 CAMERA 1 201
202 1 0.97351141632663951 0.054563268244225034 -0.19233099908306939 0.11093763487616706 0.43958899594496403 0.62997923736559469 5.5156799376258174 1 CAMERA 1 202
203 1 0.97195287121996155 0.037307909813519564 -0.19517925332914762 0.1257807420175901 0.35626628166935798 0.83764625611950383 5.4615457880656839 1 CAMERA 1 203
204 1 0.97463051798099953 0.043212838004156866 -0.18814051518487954 0.11327466882619068 0.46697623782732578 0.73996580322857619 5.3802243758677237 1 CAMERA 1 204
205 1 0.97069150070500476 0.047418729100964611 -0.19887848099245911 0.12632032452320241 0.32236245548569953 0.71646312909282306 5.3206416562778474 1 CAMERA 1 205
206 1 0.96905759006203973 0.036566708517108283 -0.21002862235541711 0.12441157809007262 0.19394873466628643 0.80407177069145785 5.2589648604482919 1 CAMERA 1 206
207 1 0.94294862996507478 0.012226110066262142 -0.30365378830763279 0.13598816244827797 -0.86551535543106806 0.94262108353764973 5.1320317784626495 1 CAMERA 1 207
208 1 0.89510766612719617 -0.0045309452722701437 -0.42086016101386903 0.14710017486952232 -2.1503001582889754 0.94013893348245126 4.7048872492226765 1 CAMERA 1 208
209 1 0.89207513070779954 -0.0063098147296832231 -0.41444927200215498 0.17998318906948871 -2.1396134654531451 0.95669285951469885 4.6462049355733832 1 CAMERA 1 209
210 1 0.93276448640297471 0.074064697675426061 -0.30605224013886023 0.17549034095820795 -0.87548784724013873 0.33443603111201364 5.0755033896964266 1 CAMERA 1 210
211 1 0.92585730831695789 0.078291437919227394 -0.29712835874343169 0.21993961401951187 -0.85131282448130818 0.34171793773302245 5.0437669624170711 1 CAMERA 1 211
212 1 0.92452366067973102 0.10349241405964242 -0.29935854781248478 0.21196646179775119 -0.7894003752195754 0.07907400018252142 4.9917256226009421 1 CAMERA 1 212
213 1 0.92442610396994562 0.075234941568472963 -0.31214670476162298 0.20576811359536726 -0.93641896888412424 0.32816875315462224 4.9039413491116095 1 CAMERA 1 213
214 1 0.91155832434911843 0.071871399118167756 -0.35395826543379866 0.19649292513910299 -1.3332163502619547 0.25545052850801447 4.7747489815327349 1 CAMERA 1 214
215 1 0.91412448330190599 0.063179270360735451 -0.34419174747658116 0.20473604908204604 -1.249276410200107 0.36307505359547887 4.7577733334657211 1 CAMERA 1 215
216 1 0.91887372095032627 0.061926184339621555 -0.32537589378926551 0.21439860162994015 -1.0562616796388284 0.4360137164313363 4.7182367605969553 1 CAMERA 1 216
217 1 0.9485003942493182 0.040884384723756273 -0.23296482689250952 0.21071985816621763 -0.15209180846225465 0.83887048718186108 4.7216178303218106 1 CAMERA 1 217
218 1 0.96284909802746665 0.031221178532203731 -0.21236895196099123 0.16384834659447861 0.15669094314875309 0.85735129960977385 4.668217865015496 1 CAMERA 1 218
219 1 0.95589774694680762 0.038014130544258798 -0.22754496424963117 0.18176279186240249 -0.015491324364228813 0.79781977979045804 4.6308754443556737 1 CAMERA 1 219
220 1 0.94841051520980268 0.037561060652325756 -0.241574406433061 0.20186249656303992 -0.18842067016273359 0.80375578513219392 4.5896279659927455 1 CAMERA 1 220
221 1 0.93789594149057676 0.052209463254161433 -0.27315685178305266 0.20739023411479293 -0.47918792462198095 0.60621925076096972 4.5720551856437952 1 CAMERA 1 221
222 1 0.9513653024635107 0.054200992753727806 -0.24823700020362868 0.17419731738154551 -0.15517809353940171 0.57930558494194506 4.5374834152687473 1 CAMERA 1 222
223 1 0.93850057480285565 0.051137212939905585 -0.28379677086684185 0.18989747073882152 -0.51232318637032392 0.57136087090137 4.4554568141045925 1 CAMERA 1 223
224 1 0.93593511033948484 0.045017245657189633 -0.29611500657224099 0.18524259691004746 -0.61209738828372384 0.59765679979802899 4.3960756222427442 1 CAMERA 1 224
225 1 0.92900743234147776 0.042723442109523051 -0.31504610475737838 0.18938281343831601 -0.78979389785825871 0.58615421573919657 4.3136909048294383 1 CAMERA 1 225
226 1 0.91732554479930917 0.032161683149983258 -0.34987470335629811 0.18726228383460833 -1.1010029301610154 0.60754915056311221 4.1973046381198849 1 CAMERA 1 226
227 1 0.92077528487441318 0.027297967288197014 -0.34379857570290279 0.1822916210115845 -1.0283240827588944 0.64813467450035156 4.1488000199001851 1 CAMERA 1 227
228 1 0.91999434386271139 0.022829809520541134 -0.34828692516019794 0.17828467354298791 -1.0502485799783638 0.67031232642596494 4.083682032277844 1 CAMERA 1 228
229 1 0.9196741086812541 0.04609918950992406 -0.35325322152649713 0.16518644020929954 -1.0408533392105423 0.4448660331226082 4.0657326873700006 1 CAMERA 1 229
230 1 0.92960126345402527 0.01122177811688895 -0.34277444060256168 0.13498609391406338 -0.91710592364817389 0.7095434877809621 3.9931315769371465 1 CAMERA 1 230
231 1 0.93458539121965345 0.010076504940428006 -0.33453088885429472 0.12057236403649245 -0.81578871562463251 0.71528997210702694 3.9320631027987698 1 CAMERA 1 231
232 1 0.93440050795630969 -0.0024344619139670971 -0.33471606153382905 0.12188077074527283 -0.82801222456226042 0.8151645474700846 3.8527723465928849 1 CAMERA 1 232
233 1 0.93427421516299314 -0.017621178541283714 -0.33564634168716423 0.11900721936257887 -0.83645800200801723 0.92097961385969329 3.775901152181445 1 CAMERA 1 233
234 1 0.93789054746572542 -0.029864179457616508 -0.32565039376208255 0.11585021710107379 -0.7517078125081964 1.0063579847663253 3.718282868094362 1 CAMERA 1 234
235 1 0.93567820506394805 -0.027132293827586435 -0.33460352813856853 0.1086766495489446 -0.81110066258186786 0.95517174886060352 3.6720159073327072 1 CAMERA 1 235
236 1 0.94158864270665843 -0.021459831870432159 -0.31534732228150625 0.11621690871731748 -0.66703013862968974 0.92601232738979466 3.6736245091472028 1 CAMERA 1 236
237 1 0.94365742974498179 -0.014308808313424274 -0.31657422176538164 0.095324054704924208 -0.63884733492887624 0.83523099007620549 3.626082457709662 1 CAMERA 1 237
238 1 0.93643843879238353 -0.012141354455209117 -0.33510585209213578 0.10314894937749117 -0.79806930284126387 0.81192421796449787 3.5332708996460118 1 CAMERA 1 238
239 1 0.92955843826870777 -0.014550068299531657 -0.35128906564086759 0.11092969718288351 -0.93811892228597227 0.81838903793373097 3.4472744156029371 1 CAMERA 1 239
240 1 0.94868256443136056 -0.0023601224461102374 -0.29746156789625294 0.10729602691003907 -0.51768152196477968 0.77318862086903295 3.4905647165056335 1 CAMERA 1 240
241 1 0.94653052123109149 0.012142379047008477 -0.30521760547092147 0.10380148515158241 -0.5691227226246458 0.66716251299925233 3.4639446760110184 1 CAMERA 1 241
242 1 0.94622545960010152 0.015865143588538074 -0.30294561148749222 0.11238164131192113 -0.56446729549046537 0.64990301034800069 3.4372090888689546 1 CAMERA 1 242
243 1 0.94708452092516071 0.023025540549715205 -0.30573035333182891 0.095024658683667745 -0.55876819994664351 0.5622308408608343 3.3919398968730023 1 CAMERA 1 243
244 1 0.94366484771078774 0.018439609331560185 -0.31712190753347302 0.09268404266650615 -0.64263135339482302 0.5746873891957478 3.2952667892087888 1 CAMERA 1 244
245 1 0.94411898905733171 0.034422495477858507 -0.31394513487127007 0.094302060407496183 -0.61956977093137533 0.46051731643124627 3.2573101222478407 1 CAMERA 1 245
246 1 0.95048549302943275 0.024758393333961595 -0.30109453972352329 0.072845230789646762 -0.50319248811602058 0.506365372898535 3.2147196910320361 1 CAMERA 1 246
247 1 0.94485381625204257 0.036426589356891192 -0.31742945584925358 0.071853392828889126 -0.61548870991898141 0.41570939705020771 3.1691287834930071 1 CAMERA 1 247
248 1 0.94255575715510398 0.048268424642834887 -0.32095819423239919 0.079023043419910469 -0.64816432312846295 0.3355358111484002 3.1363940702156849 1 CAMERA 1 248
249 1 0.94054171627523764 0.052693221764505915 -0.32952856763480076 0.063368978519963648 -0.69152744556582324 0.29335044567806567 3.0539700893290935 1 CAMERA 1 249
250 1 0.93789845885307732 0.035699981153180738 -0.33715235852458986 0.073486593117325943 -0.75596558131852687 0.40697804629972423 2.9702427526755795 1 CAMERA 1 250
251 1 0.94065185369739757 0.017680151660583437 -0.32656161209224693 0.090658788215050704 -0.71476840023251353 0.5401712463246946 2.9065832210517497 1 CAMERA 1 251
252 1 0.93712074382267851 0.027222435256762961 -0.33254251338680407 0.10236760867729772 -0.76507505122530617 0.49949068350696896 2.8541786649114291 1 CAMERA 1 252
253 1 0.93224434161109815 0.035959476612060275 -0.33434953492410119 0.13355819732204388 -0.81087103592864096 0.45278810961759652 2.8139174799983171 1 CAMERA 1 253
254 1 0.93458750562650883 0.046830075036157152 -0.33829211834202128 0.099556923750164783 -0.79055546199312343 0.36462309754070082 2.7762092666396847 1 CAMERA 1 254
255 1 0.93700745523108542 0.039623035033991866 -0.33389286691153047 0.094670995355809653 -0.76371330959482087 0.39187807054106183 2.7180641462863746 1 CAMERA 1 255
256 1 0.93680985282808693 0.04087546411274276 -0.33643295892662994 0.086771886147868738 -0.77273329604703944 0.36508452615976267 2.6717346232016266 1 CAMERA 1 256
257 1 0.925115107714653 0.036381790266591774 -0.36144706871146609 0.11042834479875495 -0.94165876810034777 0.36900005193384738 2.5828653374949018 1 CAMERA 1 257
258 1 0.92116904316136461 0.054145364292441503 -0.36458504797014957 0.12487440187411793 -0.96608970920385684 0.26194137824227509 2.5304111865859715 1 CAMERA 1 258
259 1 0.92006914615588842 0.049578342801633958 -0.3734336163438286 0.10752715192633211 -0.99947004250583904 0.28192847714593056 2.4497822490829999 1 CAMERA 1 259
260 1 0.91638686639437028 0.051533148291122016 -0.38318198580794932 0.10368708443865264 -1.0456643348213788 0.27072766172328355 2.3860878378524633 1 CAMERA 1 260
261 1 0.91786532119381414 0.061605478750271635 -0.37373381616001805 0.11853713256273815 -1.0064648538031393 0.21857474350070127 2.379013371917166 1 CAMERA 1 261
262 1 0.92686604512887938 0.031165089715878041 -0.36054310855763838 0.099783457756015076 -0.92779639339986908 0.38769080353121482 2.3429776712666044 1 CAMERA 1 262
263 1 0.93838167173352471 0.026528639670045946 -0.33233761474169843 0.091037241059090446 -0.78171455846620108 0.42612253578755016 2.3284244356737545 1 CAMERA 1 263
264 1 0.93950172975503821 0.018228241887338768 -0.33522455586751315 0.068034756767527016 -0.77861962000978435 0.45710209331147611 2.2755591035450249 1 CAMERA 1 264
265 1 0.93951966701395195 0.028343809080114656 -0.33604882634848865 0.059754582172635413 -0.78050840778619102 0.38872973824978507 2.2397801966595687 1 CAMERA 1 265
266 1 0.94099871917133138 0.027697148574897381 -0.3308789386046701 0.065371296962664263 -0.76571269325991054 0.38962921249364907 2.1922572060614582 1 CAMERA 1 266
267 1 0.93804142016541436 0.035246315165708399 -0.34006627595644673 0.056488222475183987 -0.80582797883012003 0.34753192763005092 2.1459699639132501 1 CAMERA 1 267
268 1 0.93269934288870626 0.031543416905095302 -0.35432462301336964 0.05942230348413257 -0.8755544557685988 0.35576003302756692 2.0762568811609645 1 CAMERA 1 268
269 1 0.9371866032646865 0.021950133947760363 -0.34408895536698775 0.052936311500987529 -0.82851317215292108 0.40313425884252957 2.0157539102609512 1 CAMERA 1 269
270 1 0.93716330449743157 0.039175578441648908 -0.34289659589708293 0.051109091944673529 -0.82862610498143319 0.32992175073639085 1.974660168798676 1 CAMERA 1 270
271 1 0.93903613222693916 0.041964795306234648 -0.33826868680041594 0.044993264579251721 -0.80887037849653631 0.32369561857186108 1.9419440395437779 1 CAMERA 1 271
272 1 0.94163471184705427 0.056618015763368425 -0.32751733755328533 0.053393476546683714 -0.77567018403652599 0.26692843611831774 1.9357526499539752 1 CAMERA 1 272
273 1 0.95952984895946736 0.053426227518490389 -0.26602050675727018 0.075373716596500759 -0.55445367205890772 0.29434083673290318 1.9606319020298739 1 CAMERA 1 273
274 1 0.96219260607460444 0.059424312120832733 -0.25465372116436086 0.076194633941446016 -0.52097263976962926 0.26346579778824913 1.9140412209440083 1 CAMERA 1 274
275 1 0.96320106583960252 0.06779561484276958 -0.24770927744788082 0.079294232071403237 -0.50309877443710416 0.21771899031068459 1.8760770328465253 1 CAMERA 1 275
276 1 0.96465710451026698 0.052580949286384682 -0.24743106889273075 0.073822629569877535 -0.51029682569794266 0.26372809378522105 1.8279085656638914 1 CAMERA 1 276
277 1 0.96373787239524522 0.054061677014481412 -0.25028441578493166 0.075128953171620147 -0.53058163691367888 0.24705034633833653 1.7906965607420582 1 CAMERA 1 277
278 1 0.96352806736785668 0.040895802824067358 -0.25387916780403585 0.074071349797802374 -0.5493581642210178 0.28968117499681151 1.7496060133741336 1 CAMERA 1 278
279 1 0.97045340807407465 0.021109666919398983 -0.23497452904753402 0.050611613478086827 -0.47330340511456559 0.3567586498552332 1.7008430777166119 1 CAMERA 1 279
280 1 0.97516751878850816 0.037649977939944207 -0.21092381453236886 0.05605295642605311 -0.40080472740971418 0.30557543207358973 1.6568123442190392 1 CAMERA 1 280
281 1 0.97797113630981924 0.040737224418533051 -0.19767090597671322 0.053283656236228195 -0.36226049226433049 0.30009334160684265 1.6156774090900323 1 CAMERA 1 281
282 1 0.97963059676288022 0.042463557603303413 -0.18704621919676559 0.059451257731606234 -0.34192986698814881 0.29597483009203579 1.5793274389025662 1 CAMERA 1 282
283 1 0.98540668631294259 0.021788844587500741 -0.1631997505490328 0.043182753988381825 -0.26109993744353249 0.36483967095313019 1.5322278168603944 1 CAMERA 1 283
284 1 0.98517251803382944 0.037135558949057325 -0.16032778399178929 0.048487747449303509 -0.26254673661150779 0.30760229401425554 1.496034665711877 1 CAMERA 1 284
285 1 0.98361779588320652 0.046754896075824781 -0.1652177564190625 0.054891750551908522 -0.29016515563585787 0.26138240883744235 1.4616726122753037 1 CAMERA 1 285
286 1 0.98360030534656606 0.050926981261346871 -0.15150240760777792 0.083569745666688913 -0.2727803034612219 0.23371799611122984 1.4339745702078641 1 CAMERA 1 286
287 1 0.98733943974321947 0.048329471198821479 -0.11628963091054663 0.096445915848608621 -0.18827112602030333 0.24216374144030536 1.3916458377796415 1 CAMERA 1 287
288 1 0.98554794886672836 0.052450373212792292 -0.13919414173266517 0.081050538195192132 -0.24519449327550974 0.21995204485080483 1.3428041990028914 1 CAMERA 1 288
289 1 0.98705856449208262 0.078000234387646861 -0.10921978701991754 0.087763271484289779 -0.16655556177581066 0.15779063609689117 1.3169733160774661 1 CAMERA 1 289
290 1 0.98820207203338217 0.060487121734395743 -0.097553435601506103 0.10139674617837295 -0.15282725601982236 0.21710743689287151 1.2509899728342553 1 CAMERA 1 290
291 1 0.98830128882421009 0.062203916118614387 -0.089208499519209075 0.10692557664770869 -0.13717355367637979 0.21207724005907908 1.2078970486005927 1 CAMERA 1 291
292 1 0.988622137850656 0.058948081281875453 -0.070349132164688424 0.11917378851265591 -0.10410569944355351 0.20860433645014953 1.1672965574439789 1 CAMERA 1 292
293 1 0.98787137813352288 0.058658120339290451 -0.071289394534140418 0.12484865802158746 -0.11688191611496318 0.19319299420128425 1.1074457050972031 1 CAMERA 1 293
294 1 0.98931857563241821 0.058635947188714177 -0.072688769103369272 0.11192374391594893 -0.11844493835817513 0.17121778835571008 1.0592787178375775 1 CAMERA 1 294
295 1 0.9904547616091337 0.042221942634966425 -0.074767721990368241 0.10782606602438324 -0.12803120175178079 0.19350274621508406 1.0066609689987964 1 CAMERA 1 295
296 1 0.99020077570243126 0.057943668241181606 -0.092179569577954867 0.087452170135923157 -0.15653434552436668 0.14285395805686465 0.97692275320687472 1 CAMERA 1 296
297 1 0.99390175808946002 0.041602265429721209 -0.050413516190417292 0.088808919389406424 -0.080826986094732267 0.16704424975455068 0.92488999842880482 1 CAMERA 1 297
298 1 0.99187351034547833 0.053811808534260146 -0.081929347276621226 0.081109868647638791 -0.1454972801944612 0.13685627260353447 0.85424468845292556 1 CAMERA 1 298
299 1 0.99217726279679042 0.066394432361217476 -0.059556454924282611 0.087344646185971445 -0.11198147309272194 0.11720259557925283 0.81355265608650218 1 CAMERA 1 299
300 1 0.99185549280413321 0.078038114919753279 -0.057665405851473651 0.082507181396690346 -0.11438422276268591 0.09639588704227757 0.7801474671989691 1 CAMERA 1 300
301 1 0.99202275022625508 0.073194008117110479 -0.062285008419503393 0.081572531746121585 -0.13113054359544868 0.10004447872143647 0.72529156923611848 1 CAMERA 1 301
302 1 0.99269404714072329 0.079476557352657282 -0.056557943933254945 0.071015523519749393 -0.12707351910289499 0.088112440800979117 0.67817079347396603 1 CAMERA 1 302
303 1 0.98822312370931176 0.079220784991507906 -0.0872204399564427 0.097630527220457161 -0.18935831883509227 0.073209390698475305 0.62059357708129703 1 CAMERA 1 303
304 1 0.98776276957553844 0.087089766511931316 -0.095155821523333503 0.087666716829014585 -0.202290379110316 0.063025319369810096 0.5728106309975346 1 CAMERA 1 304
305 1 0.98815280282914242 0.11887768607102542 0.025576487182951441 0.093637478173480268 -0.057642662299164135 0.033009263053264876 0.56713985183532367 1 CAMERA 1 305
306 1 0.97519533640308986 0.11026617367619165 0.16716696559144548 0.094290150150612512 0.1104416000083084 0.057510270764820785 0.51144108444336989 1 CAMERA 1 306
307 1 0.91644217146981954 0.14642718020390091 0.35773914684711366 0.1035158444988768 0.29491996289024935 0.04047556917271574 0.39905259625801864 1 CAMERA 1 307
308 1 0.95551800590855307 0.07613431980485616 0.28263759613400719 0.036123330189559051 0.21232356602169172 0.083241854418356159 0.40278545268135135 1 CAMERA 1 308
309 1 0.98598626373661902 0.097109154189928576 0.11945862429271457 0.064269253747894259 0.025957021408396775 0.052833423955488304 0.4227558932163078 1 CAMERA 1 309
310 1 0.9860756602586267 0.12167150694911345 -0.090189496605005498 0.068678172255680903 -0.18428805572801246 0.020609481680225025 0.37020443923416119 1 CAMERA 1 310
311 1 0.95189952280046897 0.093382951139800871 -0.29153841899327432 0.013125287789729935 -0.33150699956206897 0.06434285748882311 0.23205686828370106 1 CAMERA 1 311
312 1 0.87956034567861774 0.10934767516679518 -0.46209879452978025 0.02968818518285643 -0.40174605834381966 0.050604309153592854 0.064850654240734842 1 CAMERA 1 312
313 1 0.90138824973921783 0.080937550681896023 -0.42345044166270512 0.040472948710772221 -0.37726469713184729 0.054620807245060223 0.061805322839579555 1 CAMERA 1 313
315 1 0.9739786049116953 0.10346140003359564 -0.19555058600795214 0.049207562318228697 -0.28518481436741738 0.0013463272180295684 0.15515973865320962 1 CAMERA 1 315
316 1 0.97668988897166042 0.067686017039060797 -0.19993112395458601 0.039025754985263394 -0.29498712068119343 0.010202237790228195 0.13266961151986351 1 CAMERA 1 316
317 1 0.98090508628702 0.065858178754273508 -0.18074751785581258 0.02860501313383566 -0.29632871490430651 0.018847065662495849 0.12417886294823564 1 CAMERA 1 317
319 1 0.99499327652656333 -0.0032693718147435158 -0.097198703750924348 -0.023023962821614608 -0.28889738841101431 0.081792154360690872 0.13628777148706223 1 CAMERA 1 319
322 1 0.99952298763915626 -0.0078889646518256508 -0.010150874598839784 -0.028080618983491543 -0.27597648715370648 0.07265635507444429 0.12178195795356644 1 CAMERA 1 322
325 1 0.9969202517610658 0.018615360374820797 0.076070691150268863 -0.0040902242834997072 -0.28136503651022821 0.045514174927866059 0.13179226595503074 1 CAMERA 1 325
326 1 0.99557875612189906 0.012738678059093959 0.090855711978789874 0.020147109988937501 -0.29476414545626972 0.014888325987916244 0.13229433586215752 1 CAMERA 1 326
329 1 0.99876940876863873 -0.0050350809079104083 -0.0025205444368776551 0.049274363759834482 -0.36639063696394769 -0.043519734521395681 0.0095394043098830233 1 CAMERA 1 329
331 1 0.99480163457375403 0.003818310621858619 -0.033084758596337194 0.096231632543588463 -0.37550631442219473 -0.095562912440814607 -0.049927347823621814 1 CAMERA 1 331
332 1 0.99297986588026699 0.013996257692422373 -0.044558446410672678 0.10867214721574996 -0.37057684653571094 -0.10353505068065891 -0.072563144681892705 1 CAMERA 1 332
333 1 0.99749616070160141 0.017520046977234995 -0.010532405306458811 0.067701741321336176 -0.38398920482550225 -0.066066358986560991 -0.066795478322119323 1 CAMERA 1 333
335 1 0.99793458997959661 0.054725945963861579 -0.017812474773945965 0.028536655428455154 -0.3988275420776301 -0.036196648492151241 -0.10409701018339265 1 CAMERA 1 335
336 1 0.99866206236352451 0.045454172913903454 -0.021623182096316074 0.011850795609340183 -0.40154972567769132 -0.030369496357722639 -0.11603395573446239 1 CAMERA 1 336
337 1 0.99838238084769448 0.051557233513786382 -0.022713788609088299 0.0076522606016721237 -0.40324480847274019 -0.028512531766170232 -0.13027464195656724 1 CAMERA 1 337
338 1 0.99771403855317375 0.050016571929734688 -0.040779008105016633 0.020052738074510208 -0.40533831624406369 -0.033506720771802549 -0.15350459157250909 1 CAMERA 1 338
339 1 0.99647821938792958 0.051247605672770084 -0.055159364667719944 0.036909154524632261 -0.40521038916425939 -0.043307188365086249 -0.1673560504096113 1 CAMERA 1 339
340 1 0.98694860172871735 0.049560862514172695 -0.13193179841041325 0.077911353606358633 -0.38427392540411853 -0.056810576324937162 -0.23254704343345059 1 CAMERA 1 340
341 1 0.95902508864081326 0.052131353337886911 -0.26467877660003153 0.086592993793674036 -0.32278379233208893 -0.041363759760001458 -0.331765648710457 1 CAMERA 1 341
342 1 0.92498313680303024 -0.0052094399609346727 -0.36395642408417772 0.1091548429213209 -0.26174230583819214 -0.078074271551560562 -0.38831053673369625 1 CAMERA 1 342
343 1 0.86011375324440642 -0.00011249753460234718 -0.4983559091792113 0.10883798330678122 -0.1635490466834123 -0.080948742365580542 -0.45668111199123057 1 CAMERA 1 343
344 1 0.67423781533880467 -0.0042299515400502702 -0.71671485991796136 0.17805978055108898 0.090542757843828189 -0.11618078206677034 -0.4881759692892102 1 CAMERA 1 344
345 1 0.54977077790922935 0.013729340979181104 -0.8161171143519409 0.17752873743487105 0.21119266808923384 -0.092073010657189175 -0.46027844719311156 1 CAMERA 1 345
346 1 0.50375689948340863 0.036966500337971275 -0.83773522484452279 0.20751423356079177 0.25527027414284775 -0.085407093665088266 -0.44859757874341943 1 CAMERA 1 346
347 1 0.5244268829021459 0.033809484455658199 -0.82822053556586794 0.19463840247332667 0.23833841026605837 -0.079926179939119893 -0.46321113933561708 1 CAMERA 1 347
348 1 0.61871414062540786 0.027483051103164305 -0.75286403615466058 0.22278518163723976 0.15504309140578307 -0.11235241173506899 -0.50536645376613498 1 CAMERA 1 348
349 1 0.65120307358824381 0.035903551870493475 -0.72055890249196097 0.23545776681156211 0.12741921351780933 -0.11683373113844715 -0.51373799285819999 1 CAMERA 1 349
350 1 0.68965842567617697 0.016848763944287672 -0.68539248168445988 0.23307621306736589 0.088707899592756448 -0.13814192398659716 -0.50932683933722467 1 CAMERA 1 350
351 1 0.72053702458244362 0.036664522766167745 -0.65568032549311173 0.22263292599580844 0.054566795638773223 -0.13510208297668636 -0.50803034349034382 1 CAMERA 1 351
352 1 0.80563400059409052 0.039045501507681206 -0.54559318102392196 0.22750249826973873 -0.047856633929299126 -0.16489235100930089 -0.50071990408335421 1 CAMERA 1 352
353 1 0.89862723557264279 0.0060665718468843549 -0.38750540470457895 0.20560119045821956 -0.18451371675457359 -0.19578319051746068 -0.44897953551392095 1 CAMERA 1 353
354 1 0.96954837497617119 0.017386342763256218 -0.20599253567782969 0.13130399427055722 -0.32754465071187111 -0.15426766285692406 -0.3657245374141892 1 CAMERA 1 354
355 1 0.97660158338819525 -0.0025605295551844078 -0.18264370767255747 0.11350800438598402 -0.35189820691498835 -0.14761376968487108 -0.37945911690600154 1 CAMERA 1 355
356 1 0.98620850058518561 0.0028122131877437472 -0.14326365430993168 0.08282759313339412 -0.38716667742657224 -0.11984582614468756 -0.37351526896898052 1 CAMERA 1 356
357 1 0.9921811544960355 -0.011474985922041202 -0.10420654420987541 0.06771910738365082 -0.41491476766490215 -0.1249335023792833 -0.35437950900408577 1 CAMERA 1 357
358 1 0.99274462412275744 0.015011859729846829 -0.085928385139029367 0.082759095996846152 -0.41999731154929038 -0.13574166622421552 -0.35794590479375621 1 CAMERA 1 358
359 1 0.99294187585581273 0.0055173556575183929 -0.075919253499750372 0.09095194833828063 -0.42336103748212961 -0.1627708000423444 -0.35933415908340494 1 CAMERA 1 359
360 1 0.99586865059040197 -0.006069529096693782 -0.068267728000765804 0.059567683364470783 -0.44127601717013598 -0.15267177672324519 -0.36231763971770781 1 CAMERA 1 360
361 1 0.99433434081317906 -0.0048850345770692265 -0.07305779597676644 0.077057858546799599 -0.44056329504786135 -0.17763429979668688 -0.37810410437853958 1 CAMERA 1 361
362 1 0.99626903044645854 0.005919534671740243 -0.063552480884905463 0.058086661600727195 -0.45154081441913252 -0.15638892033935226 -0.38958292216971063 1 CAMERA 1 362
363 1 0.99868968574843497 0.028134031674079421 -0.041341746560545893 -0.010874181936020601 -0.48237272309058576 -0.080368352744422486 -0.390149412138864 1 CAMERA 1 363
364 1 0.99831612635405376 0.035168829029974251 -0.032249505650539537 0.032985371172586056 -0.48950241058914512 -0.11818263785371273 -0.40644603221833997 1 CAMERA 1 364
365 1 0.99585569976459976 0.061317413444066694 -0.032160910638924657 0.058968431230312229 -0.48654069655199372 -0.12129471331667846 -0.43204632538471016 1 CAMERA 1 365
366 1 0.99603990200170722 0.069801239851421393 -0.020753626848345353 0.051005759559812409 -0.5012411904578854 -0.099937193471337976 -0.43639070572265054 1 CAMERA 1 366
367 1 0.99356510397786479 0.084938382464316994 -0.035624413350492289 0.065914767049830583 -0.48984444774346581 -0.092444785758340878 -0.47138182510522975 1 CAMERA 1 367
368 1 0.99451900060126608 0.051321283343637794 -0.074471219911996081 0.052460658820113741 -0.46564222544913864 -0.098024458250966756 -0.51089574966545204 1 CAMERA 1 368
369 1 0.9806511533980431 0.019868501269721485 -0.15892694657601228 0.11256457545963724 -0.38258205575601595 -0.16468735565001172 -0.59088431253477114 1 CAMERA 1 369
370 1 0.95871433037292075 -0.013099151098302944 -0.25515279514644751 0.1248691159056598 -0.26147345180571863 -0.19974950374543807 -0.67477299448852612 1 CAMERA 1 370
371 1 0.94732280473570296 -0.033670392814281774 -0.27886321772107397 0.15388669233452965 -0.18931797082677873 -0.25083733136631509 -0.69570269211248037 1 CAMERA 1 371
372 1 0.9448344166636824 -0.019728941771998774 -0.26808946028635411 0.18715430860049009 -0.16606757810598138 -0.27898961881446216 -0.69260038348129604 1 CAMERA 1 372
373 1 0.97422254771945715 0.020976773779079451 -0.18488390157342138 0.12754742418340304 -0.29349201634967659 -0.20546313216343726 -0.67443001593238194 1 CAMERA 1 373
374 1 0.97272594532180134 -0.014834530113426289 -0.17044034462617805 0.15663416274182224 -0.29246179180277854 -0.26473785248981013 -0.68126277831208426 1 CAMERA 1 374
375 1 0.96375140192737252 0.021754742593606637 -0.19614904280589218 0.1795425282879862 -0.25960140168922852 -0.22822414263601562 -0.73854662272808069 1 CAMERA 1 375
376 1 0.95202743931797229 -0.013679887642224586 -0.23874985780518743 0.1909322415354813 -0.19007780429763285 -0.2856388160216482 -0.7979381931633287 1 CAMERA 1 376
377 1 0.97044037379764891 0.030059068888089072 -0.20482904051766834 0.12404433659652576 -0.28066298459997807 -0.17705260255097044 -0.84614191882701206 1 CAMERA 1 377
378 1 0.98000887976043738 0.042632282653380676 -0.16270576515694113 0.10626343703809515 -0.35527028592873394 -0.15993118906915985 -0.87237892035958287 1 CAMERA 1 378
379 1 0.98265672198915477 0.023185254556729554 -0.15364755591908399 0.10119604370112743 -0.38089953372436547 -0.2002036767805441 -0.90662198164880459 1 CAMERA 1 379
380 1 0.98414689868989391 0.016297143976870695 -0.14472649054033304 0.10121031485545229 -0.40681363857041813 -0.22958407945216544 -0.9468359355105167 1 CAMERA 1 380
381 1 0.98223134293412229 -0.0039016188204090323 -0.16060359054392898 0.097019858960983099 -0.38580721637263921 -0.26417213450727778 -1.0010851837798489 1 CAMERA 1 381
382 1 0.99036649967146928 0.0053057344267578828 -0.11316822616830773 0.079617825244055654 -0.50308448764574287 -0.24879793190550895 -1.0098510255719046 1 CAMERA 1 382
383 1 0.98906082318057509 0.015845602326738321 -0.12706720609515035 0.073222469716876126 -0.49204043852812951 -0.24034180936834779 -1.0696705154165382 1 CAMERA 1 383
384 1 0.99323419338858487 0.0012577064409803006 -0.10065625080269681 0.057901419953056733 -0.56563958314179219 -0.26099948236597831 -1.0854352755664136 1 CAMERA 1 384
385 1 0.99629072867825985 0.00078586175938881626 -0.05969112461163089 0.061976899032106389 -0.66343846169065257 -0.27526379027146108 -1.0902211486125011 1 CAMERA 1 385
386 1 0.99786880871202233 -0.0063028511531223446 -0.010275361668686041 0.064129023145287664 -0.7765323844123464 -0.29926637537832285 -1.0560583007921245 1 CAMERA 1 386
387 1 0.98918652601211987 0.019762731472919917 0.12064418025479434 0.081021188410511868 -1.0397121669051299 -0.29083083030342738 -0.8812057543428844 1 CAMERA 1 387
388 1 0.98956107259903514 0.060213282304729977 0.10473747603024339 0.078570384659566381 -1.0489066115406112 -0.1935854904770635 -0.96581206475579706 1 CAMERA 1 388
389 1 0.99119392347680635 0.054274134717248346 -0.078152389383588219 0.092093042066080266 -0.66767791727841685 -0.16629600587502652 -1.3140424553151964 1 CAMERA 1 389
390 1 0.95473898395134105 0.0038879915987716476 -0.28778120706525229 0.075102149802488208 -0.098286848689483855 -0.20864386584604422 -1.5101370055882817 1 CAMERA 1 390
391 1 0.9454413374763857 -0.041157018034492149 -0.3039466970996626 0.10983252059193387 -0.013040139803175138 -0.36765998646556208 -1.5205897594363578 1 CAMERA 1 391
392 1 0.98805106581310076 -0.13274976309913628 -0.0055712186642080845 0.078112439888371327 -0.85123957078641377 -0.61714265760376108 -1.2077952776732697 1 CAMERA 1 392
393 1 0.98846185576778312 -0.037078442279843749 0.13970081822350319 0.045299339927800428 -1.2204751488505203 -0.3539353914660156 -1.0265534634505431 1 CAMERA 1 393
394 1 0.96550742656687794 0.1876230435550045 0.15581197983094011 0.091190074638221832 -1.2927615847949641 0.074372298478807372 -1.0478557330373608 1 CAMERA 1 394
395 1 0.95659532861922258 0.19624127656083332 0.19264160270062014 0.096456993248766124 -1.3747423096474995 0.051225215704378144 -0.97961887077455378 1 CAMERA 1 395
396 1 0.97222457237410242 0.12618809909703527 0.17861770002192393 0.08337662596404681 -1.3513538209642761 -0.070511623450352959 -1.0915196216359484 1 CAMERA 1 396
397 1 0.97714850820921051 0.12740812503164187 0.15867129066575891 0.061411595801592896 -1.3289364058713296 -0.0060867408626103653 -1.1834610963985737 1 CAMERA 1 397
398 1 0.97852613828352264 0.11904129746089051 0.15888549880725897 0.055418087873301734 -1.3376763462830776 -0.020732573778585742 -1.2202739115007437 1 CAMERA 1 398
399 1 0.98209158694912135 0.10220845942004256 0.1521092020287404 0.043730267834964601 -1.3343974888683012 -0.036669450500895887 -1.3232538804093015 1 CAMERA 1 399
400 1 0.97864247629253842 0.10841634082339978 0.16709971656426523 0.050818159772025175 -1.3818450599705381 -0.036438043931609383 -1.3478673231324312 1 CAMERA 1 400
401 1 0.9793703716399127 0.10149817853827053 0.16491710090092915 0.057742053459722539 -1.3807798428567013 -0.072702265874355257 -1.4066509132050982 1 CAMERA 1 401
402 1 0.98110814521418954 0.10469636147373226 0.15459508981445985 0.050654096515421 -1.3632660639945873 -0.05242626698903672 -1.4744988949531079 1 CAMERA 1 402
403 1 0.98038665040920547 0.11513627460678597 0.15367787493553378 0.044370764297988974 -1.369841029158777 -0.027587880302352215 -1.5045527665553531 1 CAMERA 1 403
404 1 0.9802311664180281 0.08772951124023512 0.1722013716893829 0.042391990146683635 -1.4263131751711229 -0.14131542627005678 -1.5200061466975927 1 CAMERA 1 404
405 1 0.97910128497659832 0.082872003169677175 0.16913761859569212 0.076716170548307872 -1.4046582852173664 -0.240683382053552 -1.6058221604346998 1 CAMERA 1 405
406 1 0.97883398814978828 0.059962169811261859 0.1809628344701551 0.074437990131604292 -1.4388772925301463 -0.33226677085097345 -1.6165737085142493 1 CAMERA 1 406
407 1 0.98043739885618431 0.066476386399021301 0.16863590894922009 0.076715886153506635 -1.4069340702441091 -0.31746355273456167 -1.6968220063070147 1 CAMERA 1 407
408 1 0.98329201088941842 0.054675757360524338 0.1555435787848182 0.077159432196640454 -1.3622313211175634 -0.36409850902451368 -1.7710291122567672 1 CAMERA 1 408
409 1 0.98285606043726892 0.079713863797389414 0.14390855911187836 0.083246567464165741 -1.3304996729498288 -0.27358049235944382 -1.883423423596658 1 CAMERA 1 409
410 1 0.98513007829415411 0.071562975234169102 0.12941561991926789 0.087458943148766691 -1.2724185967504367 -0.3051658270092093 -1.9711512900879278 1 CAMERA 1 410
411 1 0.98723738974687059 0.066803297053833477 0.11103160781965229 0.092583140222752477 -1.1957658959725632 -0.32711174124003362 -2.0544044660399852 1 CAMERA 1 411
412 1 0.98576885830169481 0.058880481523344456 0.11239416108948137 0.11027420120383566 -1.1818030003695403 -0.40477495641810662 -2.0911982250612433 1 CAMERA 1 412
413 1 0.98815338389917118 0.061782307403826876 0.10684165650361444 0.091217853603557164 -1.1751709136559116 -0.35751650713055511 -2.1726231898370054 1 CAMERA 1 413
414 1 0.99051019052579581 0.04305563804304955 0.11015294791853869 0.070015016690088375 -1.2016141800539526 -0.4116476818729079 -2.2001224604872132 1 CAMERA 1 414
415 1 0.98869062579183176 0.042072690081052237 0.10360407932114421 0.099934628476409507 -1.1444234054988414 -0.48308146600866836 -2.2770548624535256 1 CAMERA 1 415
416 1 0.98978959052691529 0.043029006454468582 0.092872505932138277 0.099195608420875894 -1.0977913038815732 -0.48985382305384467 -2.348006168055059 1 CAMERA 1 416
417 1 0.99163052733617152 0.045629785325744604 0.075674818566511662 0.094128326135327164 -1.0258294600925364 -0.4759284859448682 -2.4219786544259043 1 CAMERA 1 417
418 1 0.99230524244998708 0.049059548051008019 0.054320025206246264 0.099863914468119708 -0.91868878683708111 -0.47562366644708076 -2.4957742969078995 1 CAMERA 1 418
419 1 0.99202275012438013 0.068674585318026046 0.040776877685205624 0.097529025491412624 -0.86445724922346578 -0.37210138312214375 -2.6030097190894184 1 CAMERA 1 419
420 1 0.99403334907448304 0.03806391468508262 0.03695928380263603 0.095303990826250254 -0.83121036200519649 -0.53043057779810432 -2.6413436790674298 1 CAMERA 1 420
421 1 0.99486149811133839 -0.013823371366633393 0.028316174571978034 0.096216985181063308 -0.75669194606936829 -0.79565711412309825 -2.6420112512481033 1 CAMERA 1 421
422 1 0.99291895981232692 0.031543380634842688 -0.036063336301850407 0.10870322055078221 -0.42158208297164568 -0.52581488232581675 -2.8228197505752179 1 CAMERA 1 422
423 1 0.99019779019985266 0.045189054178891103 -0.021627914023525544 0.13037836860743787 -0.47874812511297538 -0.48335684838241599 -2.8697556371021484 1 CAMERA 1 423
424 1 0.99102190247662703 0.043508973893291503 -0.033601471550971922 0.12187493225421307 -0.41767674806833571 -0.48004923257798565 -2.9177588867569648 1 CAMERA 1 424
425 1 0.98836373077371897 0.074292927712521523 -0.01929178404955106 0.13132221309109579 -0.50588743775190326 -0.3338225996436982 -2.9800873403136321 1 CAMERA 1 425
426 1 0.98962620971135706 0.057466199182217181 -0.017194954109651418 0.13054476074147925 -0.50643819212413188 -0.45038936061713486 -3.0147851296551971 1 CAMERA 1 426
427 1 0.98787243356784493 0.039305207990077091 -0.00028591395605607654 0.1502100991105802 -0.56049666618131633 -0.60869375257847147 -3.0228917420411516 1 CAMERA 1 427
428 1 0.98488589408487137 0.068512447820914632 0.058861037663183215 0.14778768003945261 -0.94121459250078054 -0.49876959696655987 -3.0079655043580149 1 CAMERA 1 428
429 1 0.98604322551690826 0.056291441034282207 0.061419197930028785 0.14414476474755322 -0.95542563865473196 -0.57436085744838183 -3.035845907960697 1 CAMERA 1 429
430 1 0.99066612933902032 0.044778713827922041 -0.045960010323193044 0.12026289710235924 -0.332472305061775 -0.52326320084699929 -3.2179706986400842 1 CAMERA 1 430
431 1 0.96191230219010848 0.019468104612511871 -0.25799469263044561 0.088229554983823483 0.9881560924053745 -0.52415590057781647 -3.1159932232004945 1 CAMERA 1 431
432 1 0.93419678188955124 0.074381262717787514 -0.34016615060431427 0.077658164070215599 1.4996809176362125 -0.1382072547650221 -2.9875459826244533 1 CAMERA 1 432
433 1 0.97472321620627134 0.075611632590048633 -0.19442730908547151 0.07997220946899293 0.58561228854063085 -0.21685525752044396 -3.338390425422507 1 CAMERA 1 433
434 1 0.97998828204882937 0.081747437475264653 -0.16941831177658759 0.065098073304689155 0.40976137949770863 -0.20613739602367526 -3.4166607347316993 1 CAMERA 1 434
435 1 0.97831299511020442 0.088073135970886049 -0.1734719630264373 0.07109349029629658 0.44996329389706646 -0.16835162145838442 -3.4743317502581674 1 CAMERA 1 435
436 1 0.97020557167687138 0.097111959432173087 -0.21178595668665365 0.066461451780096104 0.71376039545153447 -0.090851999888092255 -3.4767550639516145 1 CAMERA 1 436
437 1 0.96096700466280072 0.11979768489475938 -0.24162895163391349 0.061695870004049067 0.91488927384105101 0.073822639487656633 -3.4620853728591903 1 CAMERA 1 437
438 1 0.95825077367534361 0.10827915186957475 -0.25884317915810978 0.055057139630874823 1.0382203802581584 0.0027346458210377516 -3.4921168350334719 1 CAMERA 1 438
439 1 0.9393331229644909 0.076620457593936125 -0.33046463771535972 0.050751480761929764 1.5430186143735725 -0.20190946290843176 -3.3423504474029859 1 CAMERA 1 439
440 1 0.94630265360106292 0.061337882224937829 -0.31574997130161475 0.032417705266967488 1.4322351285196937 -0.33756724237094848 -3.4254724694046823 1 CAMERA 1 440
441 1 0.95813333996491545 0.070249893041698541 -0.27412506888299509 0.043599334687572724 1.1589890885425418 -0.28997776397308117 -3.5786080823219741 1 CAMERA 1 441
442 1 0.90496293715743903 0.049320686027716665 -0.42238254413455567 0.014231609591203875 2.1639139617924883 -0.45394114338431951 -3.0970206051911697 1 CAMERA 1 442
443 1 0.76696437367983605 0.026615224059617703 -0.64022226985651121 -0.034245065833339132 3.325076755340088 -0.76874570553259047 -1.7002614114877819 1 CAMERA 1 443
444 1 0.70637576344300279 0.036057364672716405 -0.70646919121764484 -0.025187876715998241 3.5996058193748586 -0.71123212749374676 -1.095840738578147 1 CAMERA 1 444
445 1 0.71249010556837133 0.0010411658657926677 -0.70150297891279145 0.015822010532505475 3.6272608856121447 -0.7924469882420776 -1.0982117495477499 1 CAMERA 1 445
446 1 0.74459456903023158 -0.026028263670280435 -0.66615474197398727 0.033753770257034806 3.5296173220357399 -0.92437528286788306 -1.4076396094470627 1 CAMERA 1 446
447 1 0.84860595415023221 -0.011602227268994935 -0.52830490182086287 0.02504503174725374 2.8669435230808293 -0.90908004259187358 -2.5955252480299147 1 CAMERA 1 447
448 1 0.92182004440454224 0.048069071152530375 -0.37832576799660589 0.069330970008496418 1.9477540086569431 -0.45758324164872682 -3.4949450431188294 1 CAMERA 1 448
449 1 0.89979265678288223 0.068301335565128657 -0.41370346480909687 0.12065465413555544 2.2670792764044276 -0.21755072480915938 -3.3806830236743801 1 CAMERA 1 449
450 1 0.88273174741213456 0.067387082648341423 -0.4402258109942469 0.14981614912058938 2.4984547508967347 -0.1600624815973925 -3.2683856988829381 1 CAMERA 1 450
451 1 0.87552559601026436 0.06783412464825099 -0.4496019197150698 0.16343676469081481 2.5864304369531297 -0.13164656514796616 -3.2409559123253859 1 CAMERA 1 451
452 1 0.88484666740355211 0.087018964224152104 -0.43404256104459932 0.14519342358395151 2.4510955296849675 -0.026434666753103974 -3.4169814938918264 1 CAMERA 1 452
453 1 0.89027523609790671 0.057179657387577916 -0.43373602712422588 0.12654465435706366 2.4528547512324099 -0.29730779499965132 -3.4583566700264612 1 CAMERA 1 453
454 1 0.89885889190588497 0.016670893862793919 -0.40985860733073037 0.15424232796626941 2.3402698136409792 -0.60995389479084872 -3.5530197798488627 1 CAMERA 1 454
455 1 0.89862806059892919 -0.064324686691487734 -0.39911996716855136 0.17039130022869081 2.3288463897920857 -1.2601305400600411 -3.4378690515121737 1 CAMERA 1 455
456 1 0.8964173822801681 -0.010647438328903228 -0.41168213512733315 0.16383018165162164 2.3930716289182201 -0.81864213615844839 -3.5797906950021181 1 CAMERA 1 456
457 1 0.89000784532843302 -0.0083908928464287245 -0.44274625741457574 0.10858811959172245 2.5368702488060144 -0.86149807815156376 -3.5437049877832565 1 CAMERA 1 457
458 1 0.89356922485822821 0.010867678176645723 -0.43727792748744509 0.10101459344866437 2.4873938247428167 -0.72504691661849674 -3.6680798340401473 1 CAMERA 1 458
459 1 0.87941886813460091 -0.00081219898375887187 -0.46831643014582136 0.085448908460800735 2.708677186466828 -0.83635128098011347 -3.5237815343410124 1 CAMERA 1 459
460 1 0.87419297777818805 0.011104904654526173 -0.47731755437998008 0.088494468621677438 2.7911463448239573 -0.73331152709840874 -3.5371539666530163 1 CAMERA 1 460
461 1 0.85556076746657783 0.004957512788433838 -0.51232667906672413 0.074246684474222877 3.0464929758243917 -0.78425449105373468 -3.3674575622198475 1 CAMERA 1 461
462 1 0.87884570628256009 0.026985726934338351 -0.46539361626174097 0.10154199640224124 2.7229897822590057 -0.58154224846100477 -3.7287684203096543 1 CAMERA 1 462
463 1 0.90133293242507806 0.016220293226560743 -0.42871351796387808 0.059502659845502091 2.3371250182850631 -0.76481263824472612 -3.9992748181153246 1 CAMERA 1 463
464 1 0.90235995780485878 0.028611680485993149 -0.42217906763301549 0.081809004044168604 2.3157136360568771 -0.63603785483566022 -4.061876570343804 1 CAMERA 1 464
465 1 0.88251128696917958 0.049443559061582411 -0.46109770364302083 0.078218095952659092 2.6438090569861616 -0.41439262186248427 -3.9354315445115278 1 CAMERA 1 465
466 1 0.87308718098617832 0.036241615170504067 -0.48098968315329499 0.071093209433350818 2.8045386529321772 -0.53174928703959212 -3.8710379493453977 1 CAMERA 1 466
467 1 0.84931253535075046 0.064757670136584344 -0.51955387193422486 0.067367912337527633 3.1359750412444969 -0.24281267880390373 -3.684688717675388 1 CAMERA 1 467
468 1 0.76302904631315283 0.031600336881836791 -0.64558563201557495 0.002699060289370617 4.0221790151874259 -0.66383429511064185 -2.6459699464030568 1 CAMERA 1 468
469 1 0.78730083034007237 0.063703179865844853 -0.6130365107063257 0.016898046094904095 3.8391036546193837 -0.32716933604313664 -3.0094804284386312 1 CAMERA 1 469
470 1 0.84817886082989791 0.025022520442964838 -0.52608500884254761 0.056577884222677836 3.1770329436865343 -0.65006928777100603 -3.7044763815187145 1 CAMERA 1 470
471 1 0.87484031619522384 0.078220858968959833 -0.47197802484632995 0.075978039220265484 2.7278490780221123 -0.15186789141044746 -4.1645579588300814 1 CAMERA 1 471
472 1 0.90261789338099485 0.036355674361780908 -0.41887371426963493 0.092217216310814573 2.254203916960809 -0.60834803597977138 -4.4586176970528362 1 CAMERA 1 472
473 1 0.93448108762012305 0.095767461408884744 -0.33498818269213726 0.07318884937085067 1.3739268358383339 -0.092393740041168529 -4.8915317827789622 1 CAMERA 1 473
474 1 0.89331133227237602 0.16286936853032519 -0.41733317403972858 0.036075674272445193 2.1499751486207703 0.63546499000380718 -4.5858303846052646 1 CAMERA 1 474
475 1 0.84989739817324172 0.057951407439539401 -0.52350318586732425 0.016138814730098514 3.1428010486907474 -0.425970892385241 -4.0574977269401256 1 CAMERA 1 475
476 1 0.86328747455513644 0.03244507486426268 -0.50194203752452038 0.041668265610654634 2.9629505555559321 -0.66418046608766379 -4.2143227683703151 1 CAMERA 1 476
477 1 0.80639629950359193 0.027407500212708276 -0.59066805681370016 0.0092240847205131756 3.7249984255190038 -0.74006209304941761 -3.5741263110246773 1 CAMERA 1 477
478 1 0.61719075256565925 0.0064817161523341533 -0.78267452159965623 -0.080337759129222863 4.8577595931992947 -1.3222056198937389 -1.320531347156777 1 CAMERA 1 478
479 1 0.5951289346657489 0.015024393586986234 -0.80056444109948888 -0.068501053773042275 4.9646717317429294 -1.2255659615495667 -1.0482893197304159 1 CAMERA 1 479
480 1 0.72199609714778656 -0.02280337205833876 -0.69126396125750178 -0.018862072863820818 4.4199030890658584 -1.3561832554098645 -2.5453319180570544 1 CAMERA 1 480
481 1 0.89034800046377116 -0.021706151754706422 -0.45451012401006652 0.015160086362561966 2.3869490077365065 -1.3120847077912774 -4.5929513445576617 1 CAMERA 1 481
482 1 0.94294948238102527 -0.019788645714806596 -0.33097187907447001 0.03020427850561485 1.1187461662041893 -1.3440872753546584 -5.1076086185105334 1 CAMERA 1 482
483 1 0.94355582401303628 0.0043309862036877188 -0.33043990772159088 0.022206235937907607 1.092871204081683 -1.0838805455650777 -5.2245264944955006 1 CAMERA 1 483
484 1 0.95025629604217321 0.0037636803322527107 -0.31001155541756631 0.029860375921072602 0.86487536282855204 -1.1122520749051934 -5.3005169733645427 1 CAMERA 1 484
485 1 0.95786643431755125 0.011769030317686693 -0.28387437555756323 0.042056186643171761 0.59998115998696711 -1.0649230731465307 -5.388853156327249 1 CAMERA 1 485
486 1 0.96328574525753907 0.0096206258224413779 -0.26646565812772582 0.031369883343264841 0.3776426755697801 -1.0759693295715442 -5.4526439551687433 1 CAMERA 1 486
487 1 0.92953327400867081 -0.048856117654178854 -0.36164769021959559 0.052838626376108033 1.4659981027423288 -1.6860676717371827 -5.1561301193820706 1 CAMERA 1 487
488 1 0.85688398392431253 -0.063093571551479169 -0.50993977736078688 0.041598831571426874 3.0302662916209582 -1.7527853698455242 -4.4405826996774191 1 CAMERA 1 488
489 1 0.81532554925339606 -0.033504333657202415 -0.57771140115917008 0.019267727721332169 3.7096280408742182 -1.4358098141713369 -4.0589547714751824 1 CAMERA 1 489
490 1 0.78528073198197679 -0.051385935665124775 -0.61569824504138249 0.040116438608533193 4.1227270015458206 -1.5871725235135763 -3.6429098176143473 1 CAMERA 1 490
491 1 0.80882618093030323 -0.037924360628682548 -0.58036420481760342 0.086829382578922268 3.9298896279076501 -1.4078654137201172 -3.9869679269514773 1 CAMERA 1 491
492 1 0.82115097115689006 -0.042619905241605589 -0.55823160984276754 0.11077949276669076 3.797033823222332 -1.457151030326467 -4.1586994455111883 1 CAMERA 1 492
493 1 0.8291894596593804 -0.02537655131657052 -0.54690801400617939 0.11266097305135817 3.7218163370761346 -1.2866032079704246 -4.3350751579647477 1 CAMERA 1 493
494 1 0.88817811965144056 -0.019244025767435287 -0.44081213542052478 0.12827297654101019 2.6321072764979068 -1.3840834721201178 -5.0668709894273771 1 CAMERA 1 494
495 1 0.91200421996797743 0.010328889074291253 -0.39761287408077095 0.1002278363346283 2.0553165265727 -1.1183061391978277 -5.3924745769320666 1 CAMERA 1 495
496 1 0.89521387708599642 0.14617780761866844 -0.41923673721629434 0.038271673607169744 2.1785879070590499 0.5297875985997702 -5.441769701743703 1 CAMERA 1 496
