# Frame list with one line of data per frame:
#   FRAME_ID, RIG_ID, RIG_FROM_WORLD[QW, QX, QY, QZ, TX, TY, TZ], NUM_DATA_IDS, DATA_IDS[] as (SENSOR_TYPE, SENSOR_ID, DATA_ID)
# Number of frames: 171
26 1 0.86309728341330116 0.31522395269314407 -0.36825259106277564 -0.14172850168065096 -3.732119246757561 -4.907713843416361 2.5973341128719523 1 CAMERA 1 26
27 1 0.9593829593734694 0.19647075764527325 -0.19262573547738426 -0.062280853284881504 -1.4968995001526717 -4.4497815225648498 4.7575740972139968 1 CAMERA 1 27
28 1 0.99587186119962734 0.061957051950830899 -0.02518754020796098 -0.061368946566033561 0.41105243125727559 -3.1748004584438716 5.8880863948966882 1 CAMERA 1 28
29 1 0.99597688309282428 -0.048403161976520601 0.070251271830248541 -0.02742154374957605 1.7554360773200437 -1.9158601174907419 6.1811023382946315 1 CAMERA 1 29
30 1 0.98270806596046434 -0.14208466463776157 0.1052913474444846 -0.054868363601835723 2.1077127896491636 -0.90672319700107928 6.2761991024511428 1 CAMERA 1 30
31 1 0.98120265877805357 -0.14905601940739102 0.085264916764780319 -0.088054184763685053 1.7394338816943278 -0.89834444470945085 6.3435726769849472 1 CAMERA 1 31
32 1 0.98407460382515677 -0.132664480057193 0.080835361076711063 -0.086388391796081418 1.6603160659200746 -1.0605710031852469 6.1970730378323511 1 CAMERA 1 32
33 1 0.98046333798248264 -0.16445366730878355 0.074613332938844562 -0.077971050580951329 1.6527082028521731 -0.58809382963704715 6.1666167818737438 1 CAMERA 1 33
34 1 0.97644305039884494 -0.17583643915527761 0.085171323193822188 -0.091577080639232492 1.7487269409303652 -0.47852996668828518 6.0880478703558509 1 CAMERA 1 34
35 1 0.96948492648860651 -0.21123298763191101 0.070060080006369388 -0.10281628001916553 1.5780714533746383 -0.031625224516844852 6.0442933799169234 1 CAMERA 1 35
36 1 0.97251272466763672 -0.19690448523203935 0.055645606822129753 -0.1111359100220627 1.3525585741232602 -0.19902052322822664 5.9834644817275242 1 CAMERA 1 36
37 1 0.97264374038150314 -0.19490472166488551 0.039918580269601621 -0.11992835660790246 1.1328846833785544 -0.21088850264912573 5.9494666449355362 1 CAMERA 1 37
38 1 0.97266900448493065 -0.18823742967307552 0.035328544337949408 -0.1312766991485137 1.0353194694184185 -0.31417359266131234 5.9096256169353678 1 CAMERA 1 38
39 1 0.96364166699010401 -0.22265038205421872 0.025614388235759063 -0.14548349778222983 0.93717179420149643 0.10975980549572367 5.7967803348472957 1 CAMERA 1 39
40 1 0.96880365882014974 -0.20333844864735881 0.011002752924731371 -0.14125114295627378 0.7434159668572351 -0.063466416138675277 5.7122938029600654 1 CAMERA 1 40
41 1 0.97234471070397377 -0.19016609498305392 0.017653932762064759 -0.1344282654166683 0.81098757190816606 -0.20113767429127627 5.619398745783359 1 CAMERA 1 41
42 1 0.97203672751547154 -0.18818459801366208 0.014135994909482372 -0.13975453867180274 0.74964669093144143 -0.21634502189120958 5.5718745655117283 1 CAMERA 1 42
43 1 0.96425798931265039 -0.22743626087260038 0.01467210997523595 -0.13514439121136149 0.82024978058445852 0.21432084434872975 5.4597349439326219 1 CAMERA 1 43
44 1 0.97190864046205294 -0.18784520140928679 0.016230122530425644 -0.1408700039943058 0.75997959556014749 -0.22659404610356901 5.3247950417088017 1 CAMERA 1 44
45 1 0.97366895156609023 -0.17572321273451155 0.011144838312994537 -0.1447961250912104 0.67183027872314416 -0.34971482458676151 5.2300463657502299 1 CAMERA 1 45
46 1 0.97439776003884815 -0.17929974425980788 -0.0023760301097701 -0.13562802594065929 0.55798596440861881 -0.27608075578966246 5.1701892511751906 1 CAMERA 1 46
47 1 0.97476639250215158 -0.17380036530687298 -0.0084189682429832956 -0.13983216382958003 0.47759602822474312 -0.32323935939670562 5.1112735471345117 1 CAMERA 1 47
48 1 0.9727361783970121 -0.17864563913696091 -0.008240638746791375 -0.14765552725166745 0.46725179702754022 -0.28977187079875227 5.0545295113656348 1 CAMERA 1 48
49 1 0.9781846985578313 -0.16332040604600051 0.0049275449188451673 -0.12828429279287054 0.61790374736610421 -0.420054329109177 4.8670974307359902 1 CAMERA 1 49
50 1 0.97789172481225317 -0.15402009801196279 0.0091200332346437728 -0.14114676385203151 0.60602524429226845 -0.50136488710407923 4.7400524653818223 1 CAMERA 1 50
51 1 0.97808716280922425 -0.15299997949466129 0.0056058035499651831 -0.14108537553196174 0.56100646896219997 -0.48855150769074923 4.6535446441747359 1 CAMERA 1 51
52 1 0.97424929107032532 -0.16756022235459836 -0.0012471239172600207 -0.15086528896794404 0.48662180973399805 -0.32802624992660856 4.5968423737019641 1 CAMERA 1 52
53 1 0.97209810889379455 -0.17791499755099469 -0.00013588225554799559 -0.15287740796975344 0.50281422893489325 -0.2378929277039106 4.5376983762881089 1 CAMERA 1 53
54 1 0.96593899600749444 -0.210954022722947 0.0077792848205755017 -0.14966542358447543 0.62538897569042051 0.031343077630521299 4.4605373189895197 1 CAMERA 1 54
55 1 0.96744864968849031 -0.2027228998007512 0.0074144995916308465 -0.15129957471221472 0.59973876093752199 -0.038213848028322339 4.336277714791998 1 CAMERA 1 55
56 1 0.97181010406594004 -0.18479604233999863 0.00040101896476399461 -0.14640827693340966 0.51887549124105181 -0.17778851700512632 4.25072096054806 1 CAMERA 1 56
57 1 0.97208687474221933 -0.18386775374811706 -0.0031939111345549421 -0.1457036582148549 0.48410073688683902 -0.16194124007503533 4.186938542467546 1 CAMERA 1 57
58 1 0.96568144377249976 -0.21542005978106382 -0.012741797746982659 -0.14453786212462888 0.44024859075143785 0.13598983898980591 4.1406496174561509 1 CAMERA 1 58
59 1 0.96042239514553318 -0.23869183300413299 -0.014646209273675281 -0.14283039002241896 0.44259452835940616 0.35512909076376864 4.0081198096315811 1 CAMERA 1 59
60 1 0.96091960690992717 -0.23403940249554275 -0.02237514967033917 -0.14614520112829701 0.36404880925974309 0.3265032522414032 3.9268912546352688 1 CAMERA 1 60
61 1 0.9627880621796242 -0.22366762041889768 -0.025606109313232633 -0.14952013264571054 0.31823237460371379 0.2367993769767649 3.8462833604112592 1 CAMERA 1 61
62 1 0.96455543095834961 -0.20840411899024533 -0.027440649661463295 -0.15952289660988805 0.26579452883766275 0.10714607712645445 3.7830037818286266 1 CAMERA 1 62
63 1 0.96019415171360345 -0.23207533029657645 -0.038811162884143997 -0.1505387847642892 0.21281118814606467 0.29665690380335946 3.7064775051635688 1 CAMERA 1 63
64 1 0.96013020449106667 -0.2241133525163049 -0.040117803227366154 -0.16221515808350204 0.16695426884311004 0.24265050388032638 3.567707941797138 1 CAMERA 1 64
65 1 0.96110170154187269 -0.21615263631729001 -0.056805342593569903 -0.16227972812162803 0.030509036007164817 0.21244011243557051 3.4736067132207089 1 CAMERA 1 65
66 1 0.96057567112009956 -0.22558985468415521 -0.04313800182609228 -0.1566611321106936 0.13581226353432646 0.2749187441388084 3.3817138210760178 1 CAMERA 1 66
67 1 0.96031435628132 -0.23590466510630032 -0.030691693262793578 -0.14561368776918285 0.23507948458749647 0.35041028763821608 3.2782532017673423 1 CAMERA 1 67
68 1 0.95715322085958676 -0.25290747551914899 -0.015103360992309089 -0.140240540185021 0.35972659197832441 0.44625147923566527 3.1793304607010495 1 CAMERA 1 68
69 1 0.95414876748355282 -0.26105028827684995 -0.0005808116925933455 -0.14646685344462246 0.45007245301967602 0.43863251161623112 3.0683209284610924 1 CAMERA 1 69
70 1 0.9631978088858959 -0.23227309281439662 0.017161309984501917 -0.13418152164683372 0.53611223731432078 0.24630691251937561 2.9188090615816549 1 CAMERA 1 70
71 1 0.96746850721343902 -0.2137136258118929 0.028110854561010472 -0.1324422649624504 0.57439007401347908 0.12890128294822317 2.8012839018953306 1 CAMERA 1 71
72 1 0.96678450151656259 -0.21607076491461599 0.036682412448054216 -0.13151255755088614 0.61871751633150485 0.14058366179818227 2.6968128959052304 1 CAMERA 1 72
73 1 0.96427950930970896 -0.22748604720647253 -0.0055792002587512672 -0.13558760554075089 0.39665740698813962 0.23656309710589013 2.6682338721043743 1 CAMERA 1 73
74 1 0.97153389896489073 -0.21273020912502472 -0.059789181335768299 -0.085399034437747365 0.15154113617422477 0.22444323782315978 2.5909516411183589 1 CAMERA 1 74
75 1 0.97315063331257501 -0.19841916109633884 -0.086590077625316508 -0.078165464560769976 0.032890442476760678 0.16354451421196051 2.5129906575848451 1 CAMERA 1 75
76 1 0.97496950609538091 -0.14237031340490069 -0.050634319213279967 -0.16309911637690411 0.13558031172966417 -0.18851463636045682 2.4667880641680733 1 CAMERA 1 76
77 1 0.97263446374673435 -0.16993148319029222 -0.06296233205218095 -0.14540026030032074 0.12539068486835017 -0.0049553068808095031 2.4125019267277765 1 CAMERA 1 77
78 1 0.96863579014696233 -0.17672520313074849 -0.083538833358232339 -0.15340851327716881 0.038978244565115408 0.044449905953828965 2.3603456532703224 1 CAMERA 1 78
79 1 0.97663693705877719 -0.19760674828531488 -0.036487963952380846 -0.076160978795995066 0.35560008200894605 0.15820429959539917 2.2788573383612749 1 CAMERA 1 79
80 1 0.94069252634656997 -0.27145564915166642 0.07865177602723504 -0.18767871362282096 0.82024829192552118 0.28194493389104608 2.0668242272938335 1 CAMERA 1 80
81 1 0.93108818755133893 -0.25390183161541074 0.074269124113624352 -0.25118269070160348 0.7036028759142432 0.13484817366576418 2.0960997250020617 1 CAMERA 1 81
82 1 0.91723071330087502 -0.22155779483987179 0.11180192166150879 -0.31160919825328537 0.76111751704391406 -0.12260997742667322 2.007177315627354 1 CAMERA 1 82
83 1 0.91873765456957668 -0.23925149763974585 0.18350893947490104 -0.25495943223565798 1.0883524970397684 -0.10317163031131038 1.7877181245670821 1 CAMERA 1 83
84 1 0.91221935126634146 -0.23119552945687205 0.21615160498296535 -0.2601595010712851 1.1676023329383702 -0.18828858596525253 1.6540418189453792 1 CAMERA 1 84
85 1 0.93737847205542513 -0.21019616626738188 0.20775784584883139 -0.18432538973723855 1.1722242564120984 -0.13187753240114372 1.5853046382206601 1 CAMERA 1 85
86 1 0.94907667823601816 -0.23546876845385653 0.15248588910170824 -0.1433735384796346 1.0090525845261249 0.080116179974123319 1.6435955795863606 1 CAMERA 1 86
87 1 0.96101358866013142 -0.23076808819943642 0.070480262178550718 -0.13502408867530211 0.71204352347633826 0.15488350667704923 1.6515531057871449 1 CAMERA 1 87
88 1 0.95856585967728825 -0.23797354242534227 0.06878655204076424 -0.14067158926030007 0.69197111566926195 0.18437478634252408 1.5350939221915032 1 CAMERA 1 88
89 1 0.95980617470082108 -0.2311383587614986 0.054895939626825541 -0.1494443104561218 0.62904534696983083 0.15831611200849816 1.4655719039139481 1 CAMERA 1 89
90 1 0.95669442707081309 -0.24402690778925296 0.051259859762518269 -0.15019676515688102 0.61540380927600713 0.1724614443184474 1.4018779952359022 1 CAMERA 1 90
91 1 0.94983584036182578 -0.2587224609265123 0.052882145235188631 -0.1675650419735516 0.61479617071992931 0.14677250120295104 1.3223257439668603 1 CAMERA 1 91
92 1 0.95125553291050569 -0.25609234845156204 0.028407276047501949 -0.16947757031322702 0.53958317078102669 0.13734130254571697 1.2455478230852497 1 CAMERA 1 92
93 1 0.94680399019964612 -0.2847240016838144 0.0136322518882578 -0.14936066656130986 0.51920723801853375 0.22299524531758891 1.1544840396161673 1 CAMERA 1 93
94 1 0.9514994785473363 -0.2789481003787645 -0.0078747154885543767 -0.12951713583615163 0.46958657316725305 0.22497076481623624 1.1075268733133117 1 CAMERA 1 94
95 1 0.95031100108950139 -0.27992346066458085 -0.055481856339017616 -0.12439301023373975 0.36000927309752856 0.2391862564210972 1.0802126848596141 1 CAMERA 1 95
96 1 0.95377010194984069 -0.28115157107031236 -0.050052603271759886 -0.093654277088692284 0.40294616515112358 0.24004762743348637 0.97792602025884212 1 CAMERA 1 96
97 1 0.96063117226225647 -0.24649222911090624 -0.078626040045186113 -0.10122883824677838 0.34133550061185508 0.1312875445588908 0.96082083634520987 1 CAMERA 1 97
98 1 0.96520227835252781 -0.22772809877888694 -0.062076451370757735 -0.11256548793860832 0.37990984831870928 0.057996825959127175 0.84649355527069015 1 CAMERA 1 98
99 1 0.96321607389298314 -0.22874033119500714 -0.091031492673561143 -0.10773079049468254 0.34544566598530552 0.068853034565892812 0.76524808508142261 1 CAMERA 1 99
100 1 0.95396067588112787 -0.26280077091766019 -0.09444895845180698 -0.10942658691960613 0.35131727898902065 0.094570782621007488 0.68648197355059748 1 CAMERA 1 100
101 1 0.94855365288640292 -0.27606940455931595 -0.10788850140105904 -0.11131811500182692 0.3405453196207458 0.096644714423787234 0.62907056924834204 1 CAMERA 1 101
102 1 0.94148378285017054 -0.28379430415757095 -0.12860498588964267 -0.12856841432551847 0.31768193117811999 0.077824414421091143 0.51851863814702104 1 CAMERA 1 102
103 1 0.9395550260023855 -0.2677322113034451 -0.14816934039231774 -0.15362832652844152 0.29510816175620003 0.05043920175412623 0.45357001938678781 1 CAMERA 1 103
104 1 0.94439759103048693 -0.25562262820809634 -0.15847260550398223 -0.13287849829290624 0.29796416003813575 0.044773142711384932 0.37856768193633922 1 CAMERA 1 104
105 1 0.93552292289288308 -0.27472278890003238 -0.17511333535078569 -0.13660003580990862 0.29403080484541211 0.05152109598454075 0.29872603763491645 1 CAMERA 1 105
106 1 0.9331109723456682 -0.2661988360290346 -0.20235622586471419 -0.1322650779257232 0.2825479993754938 0.03625617224485337 0.25613579337798142 1 CAMERA 1 106
107 1 0.93895727566124132 -0.25666576101939909 -0.18175198288404384 -0.13945658220704679 0.30313399418495018 -0.0020626440718062434 0.14954449776330314 1 CAMERA 1 107
108 1 0.9342696800516449 -0.26767957182878444 -0.19258134126574378 -0.13564747973347313 0.30855945125428491 -0.017446673619504537 0.035760262126208323 1 CAMERA 1 108
109 1 0.93544644854434666 -0.26293990514801041 -0.19407513078337091 -0.13467513429709982 0.31369608692772455 -0.030855609452966198 -0.050294109337230199 1 CAMERA 1 109
110 1 0.93183154912934385 -0.274322959500861 -0.19124500723955268 -0.14093340677014773 0.31503599909635543 -0.06062337064333826 -0.12153920926897058 1 CAMERA 1 110
111 1 0.92784187953576081 -0.26896067334525908 -0.18912137931128678 -0.17607585484843752 0.31651776959902722 -0.10215255970692216 -0.16903504981551448 1 CAMERA 1 111
112 1 0.92216543282125352 -0.28691112142586028 -0.18479602672126766 -0.18205315547877174 0.31198883984213927 -0.1609355870472704 -0.22870858349276008 1 CAMERA 1 112
113 1 0.92338825555757931 -0.2762934443616844 -0.18815875238657598 -0.18871233664340728 0.30862841933845897 -0.18667422699105593 -0.36438858106829791 1 CAMERA 1 113
114 1 0.92829863643281985 -0.26279214257468675 -0.18800738203108555 -0.18399770569164808 0.30784457436321211 -0.18747998703542332 -0.46550380593827662 1 CAMERA 1 114
115 1 0.92984859376117934 -0.25593638353052478 -0.19141380672363345 -0.18231542683284127 0.30624017370077228 -0.19020217723946586 -0.53940924299060822 1 CAMERA 1 115
116 1 0.93625702702614622 -0.24133667565231101 -0.18475470097878385 -0.17619616566626403 0.30235813049313603 -0.17988594368126559 -0.6007953506501259 1 CAMERA 1 116
117 1 0.93448996047583455 -0.25890153255616988 -0.16880497439651318 -0.176644815460099 0.27834105661003067 -0.22234854112193911 -0.66958148975013643 1 CAMERA 1 117
118 1 0.93322570352883916 -0.27447109770465655 -0.15205552056822572 -0.17502720206479355 0.24933235333007217 -0.26123344862662395 -0.77644296697991544 1 CAMERA 1 118
119 1 0.9286076150344118 -0.29000229447020642 -0.15458342127685357 -0.17230940882163123 0.24398844920087825 -0.30721037039953958 -0.84081198660348255 1 CAMERA 1 119
120 1 0.9282471797230899 -0.2871397979526919 -0.168116011289144 -0.16626760513114189 0.26074113867181697 -0.31609630440943087 -0.89182635824937162 1 CAMERA 1 120
121 1 0.93059756298555751 -0.27735863645773301 -0.15852088338710615 -0.17869385013989747 0.24522395385956433 -0.32260113596182705 -0.93535254720118943 1 CAMERA 1 121
122 1 0.9351958156986131 -0.28013942356173055 -0.14231677369471016 -0.16332980619420312 0.20905459181623634 -0.33897238549150932 -1.0187641960382507 1 CAMERA 1 122
123 1 0.93747959882364107 -0.27042605026687877 -0.1275835670479897 -0.17811284778429559 0.17496951983187681 -0.32270002796766434 -1.1289420863680106 1 CAMERA 1 123
124 1 0.93811288314050734 -0.26803268628546884 -0.13565683315712834 -0.17233665073390309 0.18652087660886399 -0.32051276785060623 -1.1934719799799371 1 CAMERA 1 124
125 1 0.93558247527258431 -0.27529404093602539 -0.13894039107968692 -0.17202962161953997 0.18474613882144936 -0.35767827775191813 -1.2368795035128874 1 CAMERA 1 125
126 1 0.93736277306492355 -0.27049279347202759 -0.14662573152030156 -0.16335720127338185 0.20206613953293839 -0.36750533236769456 -1.3245596365819532 1 CAMERA 1 126
127 1 0.93714090026472963 -0.2746169267468927 -0.14348059046660933 -0.16051727867883023 0.19035596017295625 -0.39918965035700615 -1.3928471114137737 1 CAMERA 1 127
128 1 0.93578324819653502 -0.2738325090526581 -0.15094454250844594 -0.16291474601025002 0.20930660464095407 -0.42125311391664955 -1.4405209669711749 1 CAMERA 1 128
129 1 0.93616955733949947 -0.26391452667077542 -0.1634226064894489 -0.16501131540322081 0.24773721077419594 -0.42035697579386766 -1.4740331365249502 1 CAMERA 1 129
130 1 0.94283680479504939 -0.23141429495464322 -0.16687665938848131 -0.17221603922355294 0.2728583575111827 -0.3337550072742243 -1.5932528216538668 1 CAMERA 1 130
131 1 0.9408135145771015 -0.23194278994035422 -0.17839520276148926 -0.17101936912365831 0.30567046071005893 -0.33916224683092727 -1.6635717339739091 1 CAMERA 1 131
132 1 0.93574871025906015 -0.22219601998410993 -0.19755724114828599 -0.18966922897930627 0.3741867458291166 -0.32180876308206324 -1.7052254257486739 1 CAMERA 1 132
133 1 0.94016676054867965 -0.21826167146302583 -0.18846816284926143 -0.18146089584754085 0.3452334956171077 -0.30615532561160419 -1.7577770386948584 1 CAMERA 1 133
134 1 0.9506774909360507 -0.21261266509522056 -0.14885168106627125 -0.16985682180115139 0.20933528048965394 -0.24632429580573759 -1.8756737488924018 1 CAMERA 1 134
135 1 0.94548493191242178 -0.24556043514290937 -0.13895590974714961 -0.1626332418828649 0.14626445201454175 -0.35302480717356466 -1.9374438670247016 1 CAMERA 1 135
136 1 0.94287408482171753 -0.25895989542582848 -0.13599686929209562 -0.15947753533147332 0.12215205391077608 -0.41334454577476204 -1.9853471360769488 1 CAMERA 1 136
137 1 0.94582176673470397 -0.25014405368912895 -0.12660338200517363 -0.16377033198862856 0.091049278414105886 -0.3899547293408907 -2.0398926081214865 1 CAMERA 1 137
138 1 0.94405560588409387 -0.25986113653973592 -0.13077728988522377 -0.15533352234907036 0.096316877691464881 -0.44932195418779819 -2.09065816838923 1 CAMERA 1 138
139 1 0.94322157133061768 -0.27368840256093013 -0.098550672247380566 -0.16036050224365103 -0.044192686459140866 -0.49041134462725233 -2.1649254671336009 1 CAMERA 1 139
140 1 0.93252274166102711 -0.31221871907545173 -0.1143368314784637 -0.1408825635462061 -0.0080203145734650105 -0.69853197547348445 -2.1679397051447129 1 CAMERA 1 140
141 1 0.95430864512020741 -0.24176450295134794 -0.094308113377429267 -0.14815841087400949 -0.054243714894926146 -0.37162184547969002 -2.2925310042454341 1 CAMERA 1 141
142 1 0.95911831774273693 -0.22622577255396145 -0.077308844409554059 -0.15145063545183712 -0.12962240231288683 -0.27610859482547412 -2.4067529420841685 1 CAMERA 1 142
143 1 0.95493679481294746 -0.23488249213329992 -0.087398739132362915 -0.15902010313069964 -0.092681625051758268 -0.31319674762206939 -2.4895381047962082 1 CAMERA 1 143
144 1 0.95634840219321815 -0.21758508286418199 -0.1036659247769767 -0.16525084380298974 -0.0034322816328000573 -0.23963029626671228 -2.5573215686577111 1 CAMERA 1 144
145 1 0.96099623441419513 -0.20145377737891829 -0.10063855596201024 -0.16054436793417579 -0.010551263038267814 -0.16172428419221146 -2.5923649847863084 1 CAMERA 1 145
146 1 0.96107832251110514 -0.20928606925005863 -0.10605247192923163 -0.14587896494971256 -0.0029504629322029356 -0.21207479161965229 -2.6260747664774926 1 CAMERA 1 146
147 1 0.96040582515049666 -0.21407795024984563 -0.10098371122816666 -0.14694751546182944 -0.032169513099833562 -0.2138714300439131 -2.7170791331248192 1 CAMERA 1 147
148 1 0.95862483565942502 -0.22102100666046959 -0.095163311521478222 -0.15209235093192214 -0.068809077827547291 -0.2316196817239107 -2.7813681632827785 1 CAMERA 1 148
149 1 0.95160294858519878 -0.24206576120688397 -0.10707994309858268 -0.15617260093016261 -0.019918345836111077 -0.36167921318883617 -2.8379787906195482 1 CAMERA 1 149
150 1 0.95057886615436071 -0.24085683442760417 -0.11449350790257727 -0.15899384006421832 0.021381722213718101 -0.37104541590490664 -2.8986026789211028 1 CAMERA 1 150
151 1 0.95069861315681881 -0.23432288842506369 -0.12074056113722507 -0.16336048420014071 0.066889590170878185 -0.34751435692515126 -2.9438324732159273 1 CAMERA 1 151
152 1 0.95184203554935232 -0.22863636105685198 -0.12115339105464355 -0.16445062967318519 0.075819527448079446 -0.316684411431914 -3.02502121057947 1 CAMERA 1 152
153 1 0.94947173218346292 -0.24723309491812079 -0.12819977605447516 -0.14472057207364974 0.077744865974335595 -0.43089678631828476 -3.0854556199221306 1 CAMERA 1 153
154 1 0.95183953984270331 -0.22516946251900027 -0.15138610741918918 -0.14276711813790008 0.23634525150938299 -0.30832752413168296 -3.156879508195825 1 CAMERA 1 154
155 1 0.94559571660641306 -0.24274625726719362 -0.16718986428809224 -0.13773360010434293 0.3128920636260718 -0.43632994533868225 -3.1945524891663908 1 CAMERA 1 155
156 1 0.94369427318015175 -0.23883723507972279 -0.17046412467967456 -0.15277393790712732 0.35483101530343619 -0.4088414134690091 -3.2637762452129406 1 CAMERA 1 156
157 1 0.94766401452829563 -0.23805135394718585 -0.15135090146471747 -0.14952382110501233 0.22822717372100992 -0.3947516050427643 -3.3377937060591041 1 CAMERA 1 157
158 1 0.95097343358514608 -0.24666000651727693 -0.13137878199949371 -0.13246880931186886 0.07316069584672176 -0.44512604136363632 -3.4131612671152944 1 CAMERA 1 158
159 1 0.95799455486077767 -0.2395203258791786 -0.096001399326631487 -0.12514063159166727 -0.18093795872364543 -0.35844904841579905 -3.4761146263346863 1 CAMERA 1 159
160 1 0.9639615219981722 -0.24489044943099658 0.0085512703322387865 -0.10360370485729191 -0.9224491123691978 -0.30068160012772421 -3.4047499653116149 1 CAMERA 1 160
161 1 0.94901743788818127 -0.27964209634555537 0.11818977166920352 -0.08483736445927946 -1.6978154207136846 -0.43495748511910132 -3.1509978327799346 1 CAMERA 1 161
162 1 0.95151727960183696 -0.26894137759052972 0.12209082469124305 -0.085902459598314621 -1.7498809117215008 -0.344491769169956 -3.2207569366714055 1 CAMERA 1 162
163 1 0.93955324773824289 -0.29531151646887516 0.14895508654838174 -0.088561758658788195 -1.956094509361392 -0.47197226012635002 -3.1433682550748019 1 CAMERA 1 163
164 1 0.92978643085213142 -0.31052176768849737 0.17439478457812302 -0.093058497230590287 -2.1391364172693259 -0.53461636291759096 -3.0696352860702998 1 CAMERA 1 164
165 1 0.92042209854272405 -0.31939800622972636 0.20597306553370359 -0.091559654899592044 -2.36690801205593 -0.55649999003766104 -2.9854086733616136 1 CAMERA 1 165
166 1 0.91447263258411049 -0.32410263030820929 0.2209670613184177 -0.099352136838064847 -2.4766730102657273 -0.55388043180752156 -2.9631711856868344 1 CAMERA 1 166
167 1 0.91979829892544973 -0.31695371130041938 0.19560606843749148 -0.12348967639915064 -2.3160124441785559 -0.49855384370061456 -3.1546553716269781 1 CAMERA 1 167
168 1 0.92266053036430262 -0.31416302160483606 0.19322252721976957 -0.11253531240810009 -2.3289549137425221 -0.52452920904053368 -3.2111369944742685 1 CAMERA 1 168
169 1 0.92595297977590996 -0.31792234229438543 0.16983118039686229 -0.1126669147495106 -2.2012866505360313 -0.59555119028440995 -3.3754684081794855 1 CAMERA 1 169
170 1 0.93678919719437315 -0.30509619927491399 0.12570839921823027 -0.11636024911418033 -1.8882370845904148 -0.56952720037352389 -3.6216023789337148 1 CAMERA 1 170
171 1 0.93700889722965752 -0.31030774936146815 0.1103588691598601 -0.11638018386494557 -1.7888148888361168 -0.64202133882310208 -3.695447417199631 1 CAMERA 1 171
172 1 0.9359521850429986 -0.30728385884621129 0.12540129521403773 -0.1176633016894402 -1.9042159325799228 -0.59182332210773425 -3.7168816073733084 1 CAMERA 1 172
173 1 0.93952912090004692 -0.29950612009018246 0.10092327907835745 -0.13189240595797141 -1.7078390342116132 -0.52883589654736074 -3.8898791802635624 1 CAMERA 1 173
174 1 0.9356776363109307 -0.30719451612096904 0.12210568876960909 -0.12340620301626992 -1.8939519663008249 -0.56828193058102827 -3.8525843876149901 1 CAMERA 1 174
175 1 0.93872234172288105 -0.30247478169040187 0.11023873319392302 -0.12311292903449808 -1.8095033701485594 -0.5417642151276576 -3.9574157157273131 1 CAMERA 1 175
176 1 0.93657732680677375 -0.31025911853395105 0.095924612448367544 -0.13175985353909481 -1.7058590384081773 -0.6117581300617595 -4.0377212757921424 1 CAMERA 1 176
177 1 0.94022234621701595 -0.30076696921188689 0.089983589198322403 -0.13200046810619007 -1.6529568359162436 -0.56592270290509228 -4.0735002878716751 1 CAMERA 1 177
178 1 0.94572793509425246 -0.28736917765402875 0.12370931591129603 -0.087827294581854704 -1.9495007862119682 -0.52737951050511578 -3.924905195942467 1 CAMERA 1 178
179 1 0.95599548106622667 -0.22268958262100741 0.12023952005668699 -0.14840636034069798 -1.7541293910020279 0.1556494320217289 -4.1025305065804947 1 CAMERA 1 179
180 1 0.94463828405391015 -0.29868385101532408 0.081525428348066323 -0.10862814540902384 -1.6050117097087098 -0.63795171774730797 -4.2095805297079929 1 CAMERA 1 180
181 1 0.95087044425917921 -0.29696928703969688 0.032387090805171249 -0.081275562985824959 -1.2262123302987842 -0.74035440478317938 -4.3827587801584702 1 CAMERA 1 181
182 1 0.94873846538701478 -0.29809851324657183 0.014728775847225976 -0.10399838391685641 -1.0440291284444276 -0.73874228390410679 -4.4759456345084665 1 CAMERA 1 182
183 1 0.94287488103658446 -0.3194237306065833 -0.0058282366591966709 -0.094453537218381331 -0.88963429298309082 -0.99040969649622834 -4.4985529621280236 1 CAMERA 1 183
184 1 0.94412730453423832 -0.31402119786184524 0.027256844432075187 -0.096288029151765195 -1.1788611402046913 -0.88458574060164141 -4.5417303103741746 1 CAMERA 1 184
185 1 0.94787681812038016 -0.30076284284169408 0.026914346225383409 -0.10171955565684694 -1.1561187300737987 -0.7383593894024395 -4.6412293866393375 1 CAMERA 1 185
186 1 0.94142871209801893 -0.31963702326304116 0.021905378160019646 -0.10518701347920358 -1.1266189746230975 -0.9182851939005845 -4.6666024393022871 1 CAMERA 1 186
187 1 0.94006643493841247 -0.31900838729138725 0.013635653388488836 -0.11967796662962221 -1.0351624208941452 -0.91101483151412366 -4.7551698264288991 1 CAMERA 1 187
188 1 0.9379170717928641 -0.32431201097787205 0.023631123613834945 -0.12072636817090007 -1.1355839381617501 -0.94380304119711078 -4.7893108138929685 1 CAMERA 1 188
189 1 0.92695025217624605 -0.36132484077351523 0.026199172271060708 -0.097576599667640457 -1.2247023975259577 -1.3343702491226057 -4.7158546664336232 1 CAMERA 1 189
190 1 0.92082074280141113 -0.36809016305770692 -0.066670313584517304 -0.11024454985780645 -0.31294024737539966 -1.5331101845627235 -4.8544803801246177 1 CAMERA 1 190
191 1 0.90187829401340869 -0.37325435344339847 -0.19346671052622627 -0.099334597906145891 0.95880626449258555 -1.7550962559039247 -4.7276189603548886 1 CAMERA 1 191
192 1 0.86469967638139267 -0.49131777592139847 -0.06829645853855798 -0.078974087399957663 -0.42015905726147373 -2.8039353363169046 -4.3240882979844626 1 CAMERA 1 192
193 1 0.85876408886599298 -0.44156468161175355 0.21122765553293135 -0.15141911756886214 -3.0229597861222457 -1.5323257616740062 -3.9501292238965968 1 CAMERA 1 193
194 1 0.89962628776441167 -0.23876247664370503 0.33800316124419344 -0.13935165983625733 -3.6848531109877181 0.67462272357021924 -3.6504177582238095 1 CAMERA 1 194
195 1 0.91923752417730531 -0.15329937054740272 0.35378275997132419 -0.079620574484367559 -3.8234927709972824 1.230510673889798 -3.4222185783903276 1 CAMERA 1 195
196 1 0.92942884615799415 -0.2649440634036711 0.19334661543222453 -0.1690672928081435 -2.5536780025690895 0.15971131308750935 -4.6726240394510974 1 CAMERA 1 196
